-0.0000 0.9796 -0.2010
-0.0000 0.9217 -0.3879
-0.0000 0.8286 -0.5598
-0.0000 0.7041 -0.7101
-0.0000 0.5528 -0.8333
-0.0000 0.3805 -0.9248
-0.0000 0.1939 -0.9810
-0.0000 -0.0000 -1.0000
-0.0000 -0.1939 -0.9810
-0.0000 -0.8286 -0.5598
0.0392 0.9796 -0.1971
0.0757 0.9217 -0.3804
0.1092 0.8286 -0.5490
0.1385 0.7041 -0.6965
0.1626 0.5528 -0.8173
0.1804 0.3805 -0.9070
0.1914 0.1939 -0.9622
0.1951 -0.0000 -0.9808
0.1914 -0.1939 -0.9622
0.1804 -0.3805 -0.9070
0.1626 -0.5528 -0.8173
0.1385 -0.7041 -0.6965
0.1092 -0.8286 -0.5490
0.0757 -0.9217 -0.3804
0.0392 -0.9796 -0.1971
0.0769 0.9796 -0.1857
0.1484 0.9217 -0.3584
0.2142 0.8286 -0.5172
0.2718 0.7041 -0.6561
0.3189 0.5528 -0.7699
0.3539 0.3805 -0.8544
0.3754 0.1939 -0.9063
0.3827 -0.0000 -0.9239
0.3754 -0.1939 -0.9063
0.3539 -0.3805 -0.8544
0.3189 -0.5528 -0.7699
0.2718 -0.7041 -0.6561
0.2142 -0.8286 -0.5172
0.1484 -0.9217 -0.3584
0.0769 -0.9796 -0.1857
0.1117 0.9796 -0.1671
0.2155 0.9217 -0.3225
0.3110 0.8286 -0.4654
0.3945 0.7041 -0.5905
0.4630 0.5528 -0.6929
0.5138 0.3805 -0.7689
0.5450 0.1939 -0.8157
0.5556 -0.0000 -0.8315
0.5450 -0.1939 -0.8157
0.5138 -0.3805 -0.7689
0.4630 -0.5528 -0.6929
0.3945 -0.7041 -0.5905
0.3110 -0.8286 -0.4654
0.2155 -0.9217 -0.3225
0.1117 -0.9796 -0.1671
0.1421 0.9796 -0.1421
0.2743 0.9217 -0.2743
0.3958 0.8286 -0.3958
0.5021 0.7041 -0.5021
0.5893 0.5528 -0.5893
0.6539 0.3805 -0.6539
0.6937 0.1939 -0.6937
0.7071 -0.0000 -0.7071
0.6937 -0.1939 -0.6937
0.6539 -0.3805 -0.6539
0.5893 -0.5528 -0.5893
0.5021 -0.7041 -0.5021
0.3958 -0.8286 -0.3958
0.2743 -0.9217 -0.2743
0.1421 -0.9796 -0.1421
0.1671 0.9796 -0.1117
0.3225 0.9217 -0.2155
0.4654 0.8286 -0.3110
0.5905 0.7041 -0.3945
0.6929 0.5528 -0.4630
0.7689 0.3805 -0.5138
0.8157 0.1939 -0.5450
0.8315 -0.0000 -0.5556
0.8157 -0.1939 -0.5450
0.7689 -0.3805 -0.5138
0.6929 -0.5528 -0.4630
0.5905 -0.7041 -0.3945
0.4654 -0.8286 -0.3110
0.3225 -0.9217 -0.2155
0.1671 -0.9796 -0.1117
0.1857 0.9796 -0.0769
0.3584 0.9217 -0.1484
0.5172 0.8286 -0.2142
0.6561 0.7041 -0.2718
0.7699 0.5528 -0.3189
0.8544 0.3805 -0.3539
0.9063 0.1939 -0.3754
0.9239 -0.0000 -0.3827
0.9063 -0.1939 -0.3754
0.8544 -0.3805 -0.3539
0.7699 -0.5528 -0.3189
0.6561 -0.7041 -0.2718
0.5172 -0.8286 -0.2142
0.3584 -0.9217 -0.1484
0.1857 -0.9796 -0.0769
0.1971 0.9796 -0.0392
0.3804 0.9217 -0.0757
0.5490 0.8286 -0.1092
0.6965 0.7041 -0.1385
0.8173 0.5528 -0.1626
0.9070 0.3805 -0.1804
0.9622 0.1939 -0.1914
0.9808 -0.0000 -0.1951
0.9622 -0.1939 -0.1914
0.9070 -0.3805 -0.1804
0.8173 -0.5528 -0.1626
0.6965 -0.7041 -0.1385
0.5490 -0.8286 -0.1092
0.3804 -0.9217 -0.0757
0.1971 -0.9796 -0.0392
0.2010 0.9796 -0.0000
0.3879 0.9217 -0.0000
0.5598 0.8286 -0.0000
0.7101 0.7041 -0.0000
0.8333 0.5528 -0.0000
0.9248 0.3805 -0.0000
0.9810 0.1939 -0.0000
1.0000 -0.0000 -0.0000
0.9810 -0.1939 -0.0000
0.9248 -0.3805 -0.0000
0.8333 -0.5528 -0.0000
0.7101 -0.7041 -0.0000
0.5598 -0.8286 -0.0000
0.3879 -0.9217 -0.0000
0.2010 -0.9796 -0.0000
0.1971 0.9796 0.0392
0.3804 0.9217 0.0757
0.5490 0.8286 0.1092
0.6965 0.7041 0.1385
0.8173 0.5528 0.1626
0.9070 0.3805 0.1804
0.9622 0.1939 0.1914
0.9808 -0.0000 0.1951
0.9622 -0.1939 0.1914
0.9070 -0.3805 0.1804
0.8173 -0.5528 0.1626
0.6965 -0.7041 0.1385
0.5490 -0.8286 0.1092
0.3804 -0.9217 0.0757
0.1971 -0.9796 0.0392
0.1857 0.9796 0.0769
0.3584 0.9217 0.1484
0.5172 0.8286 0.2142
0.6561 0.7041 0.2718
0.7699 0.5528 0.3189
0.8544 0.3805 0.3539
0.9063 0.1939 0.3754
0.9239 -0.0000 0.3827
0.9063 -0.1939 0.3754
0.8544 -0.3805 0.3539
0.7699 -0.5528 0.3189
0.6561 -0.7041 0.2718
0.5172 -0.8286 0.2142
0.3584 -0.9217 0.1484
0.1857 -0.9796 0.0769
0.1671 0.9796 0.1117
0.3225 0.9217 0.2155
0.4654 0.8286 0.3110
0.5905 0.7041 0.3945
0.6929 0.5528 0.4630
0.7689 0.3805 0.5138
0.8157 0.1939 0.5450
0.8315 -0.0000 0.5556
0.8157 -0.1939 0.5450
0.7689 -0.3805 0.5138
0.6929 -0.5528 0.4630
0.5905 -0.7041 0.3945
0.4654 -0.8286 0.3110
0.3225 -0.9217 0.2155
0.1671 -0.9796 0.1117
0.1421 0.9796 0.1421
0.2743 0.9217 0.2743
0.3958 0.8286 0.3958
0.5021 0.7041 0.5021
0.5893 0.5528 0.5893
0.6539 0.3805 0.6539
0.6937 0.1939 0.6937
0.7071 -0.0000 0.7071
0.6937 -0.1939 0.6937
0.6539 -0.3805 0.6539
0.5893 -0.5528 0.5893
0.5021 -0.7041 0.5021
0.3958 -0.8286 0.3958
0.2743 -0.9217 0.2743
0.1421 -0.9796 0.1421
0.1117 0.9796 0.1671
0.2155 0.9217 0.3225
0.3110 0.8286 0.4654
0.3945 0.7041 0.5905
0.4630 0.5528 0.6929
0.5138 0.3805 0.7689
0.5450 0.1939 0.8157
0.5556 -0.0000 0.8315
0.5450 -0.1939 0.8157
0.5138 -0.3805 0.7689
0.4630 -0.5528 0.6929
0.3945 -0.7041 0.5905
0.3110 -0.8286 0.4654
0.2155 -0.9217 0.3225
0.1117 -0.9796 0.1671
-0.0000 -1.0000 -0.0000
0.0769 0.9796 0.1857
0.1484 0.9217 0.3584
0.2142 0.8286 0.5172
0.2718 0.7041 0.6561
0.3189 0.5528 0.7699
0.3539 0.3805 0.8544
0.3754 0.1939 0.9063
0.3827 -0.0000 0.9239
0.3754 -0.1939 0.9063
0.3539 -0.3805 0.8544
0.3189 -0.5528 0.7699
0.2718 -0.7041 0.6561
0.2142 -0.8286 0.5172
0.1484 -0.9217 0.3584
0.0769 -0.9796 0.1857
0.0392 0.9796 0.1971
0.0757 0.9217 0.3804
0.1092 0.8286 0.5490
0.1385 0.7041 0.6965
0.1626 0.5528 0.8173
0.1804 0.3805 0.9070
0.1914 0.1939 0.9622
0.1951 -0.0000 0.9808
0.1914 -0.1939 0.9622
0.1804 -0.3805 0.9070
0.1626 -0.5528 0.8173
0.1385 -0.7041 0.6965
0.1092 -0.8286 0.5490
0.0757 -0.9217 0.3804
0.0392 -0.9796 0.1971
-0.0000 0.9796 0.2010
-0.0000 0.9217 0.3879
-0.0000 0.8286 0.5598
-0.0000 0.7041 0.7101
-0.0000 0.5528 0.8333
-0.0000 0.3805 0.9248
-0.0000 0.1939 0.9810
-0.0000 -0.0000 1.0000
-0.0000 -0.1939 0.9810
-0.0000 -0.3805 0.9248
-0.0000 -0.5528 0.8333
-0.0000 -0.7041 0.7101
-0.0000 -0.8286 0.5598
-0.0000 -0.9217 0.3879
-0.0000 -0.9796 0.2010
-0.0392 0.9796 0.1971
-0.0757 0.9217 0.3804
-0.1092 0.8286 0.5490
-0.1385 0.7041 0.6965
-0.1626 0.5528 0.8173
-0.1804 0.3805 0.9070
-0.1914 0.1939 0.9622
-0.1951 -0.0000 0.9808
-0.1914 -0.1939 0.9622
-0.1804 -0.3805 0.9070
-0.1626 -0.5528 0.8173
-0.1385 -0.7041 0.6965
-0.1092 -0.8286 0.5490
-0.0757 -0.9217 0.3804
-0.0392 -0.9796 0.1971
-0.0769 0.9796 0.1857
-0.1484 0.9217 0.3584
-0.2142 0.8286 0.5172
-0.2718 0.7041 0.6561
-0.3189 0.5528 0.7699
-0.3539 0.3805 0.8544
-0.3754 0.1939 0.9063
-0.3827 -0.0000 0.9239
-0.3754 -0.1939 0.9063
-0.3539 -0.3805 0.8544
-0.3189 -0.5528 0.7699
-0.2718 -0.7041 0.6561
-0.2142 -0.8286 0.5172
-0.1484 -0.9217 0.3584
-0.0769 -0.9796 0.1857
-0.1117 0.9796 0.1671
-0.2155 0.9217 0.3225
-0.3110 0.8286 0.4654
-0.3945 0.7041 0.5905
-0.4630 0.5528 0.6929
-0.5138 0.3805 0.7689
-0.5450 0.1939 0.8157
-0.5556 -0.0000 0.8315
-0.5450 -0.1939 0.8157
-0.5138 -0.3805 0.7689
-0.4630 -0.5528 0.6929
-0.3945 -0.7041 0.5905
-0.3110 -0.8286 0.4654
-0.2155 -0.9217 0.3225
-0.1117 -0.9796 0.1671
-0.0000 1.0000 -0.0000
-0.1421 0.9796 0.1421
-0.2743 0.9217 0.2743
-0.3958 0.8286 0.3958
-0.5021 0.7041 0.5021
-0.5893 0.5528 0.5893
-0.6539 0.3805 0.6539
-0.6937 0.1939 0.6937
-0.7071 -0.0000 0.7071
-0.6937 -0.1939 0.6937
-0.6539 -0.3805 0.6539
-0.5893 -0.5528 0.5893
-0.5021 -0.7041 0.5021
-0.3958 -0.8286 0.3958
-0.2743 -0.9217 0.2743
-0.1421 -0.9796 0.1421
-0.1671 0.9796 0.1117
-0.3225 0.9217 0.2155
-0.4654 0.8286 0.3110
-0.5905 0.7041 0.3945
-0.6929 0.5528 0.4630
-0.7689 0.3805 0.5138
-0.8157 0.1939 0.5450
-0.8315 -0.0000 0.5556
-0.8157 -0.1939 0.5450
-0.7689 -0.3805 0.5138
-0.6929 -0.5528 0.4630
-0.5905 -0.7041 0.3945
-0.4654 -0.8286 0.3110
-0.3225 -0.9217 0.2155
-0.1671 -0.9796 0.1117
-0.1857 0.9796 0.0769
-0.3584 0.9217 0.1484
-0.5172 0.8286 0.2142
-0.6561 0.7041 0.2718
-0.7699 0.5528 0.3189
-0.8544 0.3805 0.3539
-0.9063 0.1939 0.3754
-0.9239 -0.0000 0.3827
-0.9063 -0.1939 0.3754
-0.8544 -0.3805 0.3539
-0.7699 -0.5528 0.3189
-0.6561 -0.7041 0.2718
-0.5172 -0.8286 0.2142
-0.3584 -0.9217 0.1484
-0.1857 -0.9796 0.0769
-0.1971 0.9796 0.0392
-0.3804 0.9217 0.0757
-0.5490 0.8286 0.1092
-0.6965 0.7041 0.1385
-0.8173 0.5528 0.1626
-0.9070 0.3805 0.1804
-0.9622 0.1939 0.1914
-0.9808 -0.0000 0.1951
-0.9622 -0.1939 0.1914
-0.9070 -0.3805 0.1804
-0.8173 -0.5528 0.1626
-0.6965 -0.7041 0.1385
-0.5490 -0.8286 0.1092
-0.3804 -0.9217 0.0757
-0.1971 -0.9796 0.0392
-0.2010 0.9796 -0.0000
-0.3879 0.9217 -0.0000
-0.5598 0.8286 -0.0000
-0.7101 0.7041 -0.0000
-0.8333 0.5528 -0.0000
-0.9248 0.3805 -0.0000
-0.9810 0.1939 -0.0000
-1.0000 -0.0000 -0.0000
-0.9810 -0.1939 -0.0000
-0.9248 -0.3805 -0.0000
-0.8333 -0.5528 -0.0000
-0.7101 -0.7041 -0.0000
-0.5598 -0.8286 -0.0000
-0.3879 -0.9217 -0.0000
-0.2010 -0.9796 -0.0000
-0.1971 0.9796 -0.0392
-0.3804 0.9217 -0.0757
-0.5490 0.8286 -0.1092
-0.6965 0.7041 -0.1385
-0.8173 0.5528 -0.1626
-0.9070 0.3805 -0.1804
-0.9622 0.1939 -0.1914
-0.9808 -0.0000 -0.1951
-0.9622 -0.1939 -0.1914
-0.9070 -0.3805 -0.1804
-0.8173 -0.5528 -0.1626
-0.6965 -0.7041 -0.1385
-0.5490 -0.8286 -0.1092
-0.3804 -0.9217 -0.0757
-0.1971 -0.9796 -0.0392
-0.1857 0.9796 -0.0769
-0.3584 0.9217 -0.1484
-0.5172 0.8286 -0.2142
-0.6561 0.7041 -0.2718
-0.7699 0.5528 -0.3189
-0.8544 0.3805 -0.3539
-0.9063 0.1939 -0.3754
-0.9239 -0.0000 -0.3827
-0.9063 -0.1939 -0.3754
-0.8544 -0.3805 -0.3539
-0.7699 -0.5528 -0.3189
-0.6561 -0.7041 -0.2718
-0.5172 -0.8286 -0.2142
-0.3584 -0.9217 -0.1484
-0.1857 -0.9796 -0.0769
-0.1671 0.9796 -0.1117
-0.3225 0.9217 -0.2155
-0.4654 0.8286 -0.3110
-0.5905 0.7041 -0.3945
-0.6929 0.5528 -0.4630
-0.7689 0.3805 -0.5138
-0.8157 0.1939 -0.5450
-0.8315 -0.0000 -0.5556
-0.8157 -0.1939 -0.5450
-0.7689 -0.3805 -0.5138
-0.6929 -0.5528 -0.4630
-0.5905 -0.7041 -0.3945
-0.4654 -0.8286 -0.3110
-0.3225 -0.9217 -0.2155
-0.1671 -0.9796 -0.1117
-0.1421 0.9796 -0.1421
-0.2743 0.9217 -0.2743
-0.3958 0.8286 -0.3958
-0.5021 0.7041 -0.5021
-0.5893 0.5528 -0.5893
-0.6539 0.3805 -0.6539
-0.6937 0.1939 -0.6937
-0.7071 -0.0000 -0.7071
-0.6937 -0.1939 -0.6937
-0.6539 -0.3805 -0.6539
-0.5893 -0.5528 -0.5893
-0.5021 -0.7041 -0.5021
-0.3958 -0.8286 -0.3958
-0.2743 -0.9217 -0.2743
-0.1421 -0.9796 -0.1421
-0.1117 0.9796 -0.1671
-0.2155 0.9217 -0.3225
-0.3110 0.8286 -0.4654
-0.3945 0.7041 -0.5905
-0.4630 0.5528 -0.6929
-0.5138 0.3805 -0.7689
-0.5450 0.1939 -0.8157
-0.5556 -0.0000 -0.8315
-0.5450 -0.1939 -0.8157
-0.5138 -0.3805 -0.7689
-0.4630 -0.5528 -0.6929
-0.3945 -0.7041 -0.5905
-0.3110 -0.8286 -0.4654
-0.2155 -0.9217 -0.3225
-0.1117 -0.9796 -0.1671
-0.0769 0.9796 -0.1857
-0.1484 0.9217 -0.3584
-0.2142 0.8286 -0.5172
-0.2718 0.7041 -0.6561
-0.3189 0.5528 -0.7699
-0.3539 0.3805 -0.8544
-0.3754 0.1939 -0.9063
-0.3827 -0.0000 -0.9239
-0.3754 -0.1939 -0.9063
-0.3539 -0.3805 -0.8544
-0.3189 -0.5528 -0.7699
-0.2718 -0.7041 -0.6561
-0.2142 -0.8286 -0.5172
-0.1484 -0.9217 -0.3584
-0.0769 -0.9796 -0.1857
-0.0392 0.9796 -0.1971
-0.0757 0.9217 -0.3804
-0.1092 0.8286 -0.5490
-0.1385 0.7041 -0.6965
-0.1626 0.5528 -0.8173
-0.1804 0.3805 -0.9070
-0.1914 0.1939 -0.9622
-0.1951 -0.0000 -0.9808
-0.1914 -0.1939 -0.9622
-0.1804 -0.3805 -0.9070
-0.1626 -0.5528 -0.8173
-0.1385 -0.7041 -0.6965
-0.1092 -0.8286 -0.5490
-0.0757 -0.9217 -0.3804
-0.0392 -0.9796 -0.1971
-0.0000 -0.3805 -0.9248
-0.0000 -0.5528 -0.8333
-0.0000 -0.7041 -0.7101
-0.0000 -0.9217 -0.3879
-0.0000 -0.9796 -0.2010
